%x=[10:20:100]*1e-9;
%x=[1750e6:1e6:1790e6 1790e6:150e3:1810e6 1810e6:1e6:1850e6];

%x=[2188e6:500e3:2220e6 2220e6:100e3:2260e6 2260e6:500e3:2288e6];
%x=[10e-9:10e-9:100e-9];
%x=[10e-9:4e-9:100e-9 100e-9:10e-9:200e-9 200e-9:100e-9:1e-6 1e-6:300e-9:3e-6 3e-6:500e-9:8e-6];
%x=[10e-9:4e-9:100e-9 100e-9:10e-9:200e-9 200e-9:26e-9:1e-6 1e-6:60e-9:3e-6 3e-6:100e-9:8e-6];
%x=[10e-9:26e-9:400e-9 400e-9:10e-9:550e-9 550e-9:4e-9:650e-9 650e-9:10e-9:750e-9 750e-9:26e-9:1e-6];
%x=[10e-9:8e-9:200e-9 200e-9:16e-9:800e-9 800e-9:26e-9:2e-6];



%x=[10e-9:4e-9:100e-9 100e-9:10e-9:200e-9 200e-9:26e-9:1e-6 1e-6:60e-9:1.5e-6];

%x=[50e-9:4e-9:150e-9 1.85e-6:4e-9:1.97e-6 3.8e-6:4e-9:3.9e-6];


%x=[10e-9:10e-9:40e-9 50e-9:2e-9:150e-9 160e-9:10e-9:200e-9];

%x=[10e-9:4e-9:20e-9 20e-9:2e-9:150e-9 160e-9:10e-9:200e-9];

%x=[10e-9:4e-9:20e-9 20e-9:2e-9:150e-9 154e-9:4e-9:250e-9];

%x=[30e-9:6e-9:60e-9 60e-9:2e-9:210e-9 220e-9:4e-9:250e-9 260e-9:10e-9:300e-9];

%x=[10e-9:6e-9:60e-9 60e-9:2e-9:210e-9 220e-9:4e-9:250e-9 260e-9:10e-9:600e-9];

%x=[30e-9:2e-9:210e-9 220e-9:4e-9:250e-9 260e-9:10e-9:300e-9];

%x=[70e-9:10e-9:90e-9 90e-9:2e-9:260e-9 270e-9:10e-9:400e-9];

%x=[170e-9:10e-9:210e-9 220e-9:2e-9:320e-9 330e-9:10e-9:370e-9];

%x=[170e-9:10e-9:200e-9 210e-9:2e-9:400e-9 410e-9:10e-9:450e-9];

%x=[170e-9:10e-9:200e-9 210e-9:2e-9:600e-9 610e-9:10e-9:700e-9];

%x=[6:0.1:8 8:0.02:9 9:0.1:10 10:0.02:11.2];

x=[6:0.1:9 9.02:0.02:11.2];

%fn='test_nonlinear'
fn='xy8_nonlinear';
save (['D:\QEG\21-C\SavedSequences\SavedSequences-PB\' fn '.mat'],'x');